0.000000 0.000000 0.000000
5.000000 0.000000 0.000000
0.000000 5.000000 0.000000

0.000000 0.000000 0.000000
10.000000 0.000000 0.000000
0.000000 10.000000 0.000000

20.000000 0.000000 0.000000
30.000000 0.000000 0.000000
20.000000 10.000000 0.000000

20.000000 0.000000 0.000000
20.000000 10.000000 0.000000
10.000000 0.000000 0.000000

20.000000 0.000000 0.000000
20.000000 20.000000 0.000000
0.000000 0.000000 0.000000

20.000000 0.000000 0.000000
30.000000 0.000000 0.000000
20.000000 10.000000 0.000000

20.000000 0.000000 0.000000
20.000000 0.000000 10.000000
20.000000 10.000000 0.000000

20.000000 0.000000 0.000000
30.000000 0.000000 0.000000
20.000000 10.000000 0.000000

0.000000 0.000000 0.000000
4.986305 0.013695 -0.369564
0.027391 9.972609 0.739128

0.000000 0.000000 0.000000
8.167810 3.995912 -4.161678
-1.152330 4.436249 1.997956

0.000000 0.000000 0.000000
12.345650 4.058170 -7.491074
-2.227583 14.267765 4.058170

0.000000 0.000000 0.000000
2.511286 -3.963234 1.728068
2.768651 3.009028 2.877554

