-0.101961 -0.199007 0.957168
0.000000 -0.199007 0.957996
-0.099962 -0.096577 0.958808

-0.101961 -0.199007 0.957168
0.099962 -0.199007 0.958808
-0.098039 0.001914 0.960385

0.294118 -0.199007 0.960385
0.480948 -0.199007 0.961903
0.283225 -0.005528 0.963364

0.294118 -0.199007 0.960385
0.283225 -0.005528 0.963364
0.099962 -0.199007 0.958808

0.294118 -0.199007 0.960385
0.273110 0.174132 0.966130
-0.101961 -0.199007 0.957168

0.294118 -0.199007 0.960385
0.480948 -0.199007 0.961903
0.283225 -0.005528 0.963364

0.294118 -0.199007 0.960385
0.388423 -0.199007 0.941235
0.283225 -0.005528 0.963364

0.294118 -0.199007 0.960385
0.480948 -0.199007 0.961903
0.283225 -0.005528 0.963364

-0.101961 -0.199007 0.957168
-0.001015 -0.198726 0.958600
-0.097443 0.004263 0.959221

-0.101961 -0.199007 0.957168
0.050300 -0.124159 0.965832
-0.124436 -0.103979 0.955065

-0.101961 -0.199007 0.957168
0.112970 -0.127793 0.970567
-0.143199 0.107890 0.954710

-0.101961 -0.199007 0.957168
-0.049472 -0.285760 0.953190
-0.041285 -0.133513 0.953684

