0.000000 0.000000 -50.000000
5.000000 0.000000 -50.000000
0.000000 5.000000 -50.000000

0.000000 0.000000 -50.000000
10.000000 0.000000 -50.000000
0.000000 10.000000 -50.000000

20.000000 0.000000 -50.000000
30.000000 0.000000 -50.000000
20.000000 10.000000 -50.000000

20.000000 0.000000 -50.000000
20.000000 10.000000 -50.000000
10.000000 0.000000 -50.000000

20.000000 0.000000 -50.000000
20.000000 20.000000 -50.000000
0.000000 0.000000 -50.000000

40.000000 0.000000 -50.000000
50.000000 0.000000 -50.000000
40.000000 10.000000 -50.000000

40.000000 0.000000 -50.000000
40.000000 0.000000 -40.000000
40.000000 10.000000 -50.000000

20.000000 0.000000 -50.000000
30.000000 0.000000 -50.000000
20.000000 10.000000 -50.000000

0.000000 0.000000 -50.000000
3.750000 1.250000 -53.061862
1.250000 3.750000 -46.938138

0.000000 0.000000 -50.000000
4.023689 2.529397 -51.553086
-1.553086 4.023689 -47.470603

0.000000 0.000000 -50.000000
4.377975 2.100155 -51.192762
-1.908763 4.521519 -49.044758

0.000000 0.000000 -50.000000
2.844828 -3.733579 -51.722598
2.699096 3.275862 -52.642652

